012
014
034
036
210
214
254
258
410
412
430
436
452
458
476
478
630
634
674
678
852
854
874
876
01254
01258
01436
01452
01458
01476
01478
03412
03452
03458
03476
03478
03674
03678
21034
21036
21430
21436
21458
21476
21478
25410
25430
25436
25476
25478
25874
25876
41036
41258
43012
43678
45210
45876
47630
47852
63012
63014
63410
63412
63452
63458
63478
67410
67412
67430
67452
67458
67852
67854
85210
85214
85410
85412
85430
85436
85476
87410
87412
87430
87436
87452
87630
87634
0125436
0125476
0125478
0125874
0125876
0143678
0145876
0147852
0341258
0345876
0347852
0367412
0367452
0367458
0367852
0367854
2103458
2103476
2103478
2103674
2103678
2143678
2145876
2147630
2541036
2543678
2547630
2587410
2587430
2587436
2587630
2587634
4103678
4125876
4301258
4367852
4521036
4587630
4763012
4785210
6301254
6301258
6301452
6301458
6301478
6341258
6345210
6347852
6741258
6743012
6745210
6785210
6785214
6785410
6785412
6785430
8521034
8521036
8521430
8521436
8521476
8541036
8543012
8547630
8741036
8743012
8745210
8763012
8763014
8763410
8763412
8763452
012543678
012587436
012587634
014367852
034125876
036741258
036785214
036785412
210345876
210367458
210367854
214587630
254103678
258741036
258763014
258763410
410367852
412587630
430125876
436785210
452103678
458763012
476301258
478521036
630125478
630125874
630147852
634785210
674301258
678521034
678521430
678543012
852103476
852103674
852147630
854763012
874521036
876301254
876301452
876345210
